int_pos,var_name,x,label,length,decimal_places,fin_pos,col_type,CHAR,
1,V0102,$2.00 ,,2,0,2,c,TRUE,V0102
3,V1002,$4.00 ,,4,0,6,c,TRUE,V1002
7,V1003,$5.00 ,,5,0,11,c,TRUE,V1003
12,V0103,$7.00 ,,7,0,18,c,TRUE,V1103
19,V0104,$9.00 ,,9,0,27,c,TRUE,V0104
28,V0105,$11.00 ,,11,0,38,c,TRUE,V0105
39,V0300,8,,8,0,46,c,TRUE,V0300
47,V0400,2,,2,0,48,c,TRUE,V0400
49,V1004,$2.00 ,,2,0,50,c,TRUE,V1004
51,AREAP,$13.00 ,,13,0,63,c,TRUE,AREAP
64,V1001,$1.00 ,,1,0,64,c,TRUE,V1001
65,V1005,$1.00 ,,1,0,65,c,TRUE,V1005
66,V1006,$1.00 ,,1,0,66,c,TRUE,V1006
67,V1007,$1.00 ,,1,0,67,c,TRUE,V1007
68,MARCA,$1.00 ,,1,0,68,c,TRUE,MARCA
69,V0401,$1.00 ,,1,0,69,c,TRUE,V0401
70,M0401,$1.00 ,,1,0,70,c,TRUE,M0401
71,V0402,$2.00 ,,2,0,72,c,TRUE,V0402
73,M0402,$1.00 ,,1,0,73,c,TRUE,M0402
74,V0403,$2.00 ,,2,0,75,c,TRUE,V0403
76,M0403,$1.00 ,,1,0,76,c,TRUE,M0403
77,V0404,1,,1,0,77,c,TRUE,V0404
78,M0404,$1.00 ,,1,0,78,c,TRUE,M0404
79,V4752,3,,3,0,81,i,FALSE,V4572
82,M4752,$1.00 ,,1,0,82,c,TRUE,M4752
83,V4754,2,,2,0,84,i,FALSE,V4754
85,M4754,$1.00 ,,1,0,85,c,TRUE,M4754
86,V4070,$1.00 ,,1,0,86,c,TRUE,V4070
87,V0408,$1.00 ,,1,0,87,c,TRUE,V0408
88,M0408,$1.00 ,,1,0,88,c,TRUE,M0408
89,V4090,$3.00 ,,3,0,91,c,TRUE,V4090
92,M4090,$1.00 ,,1,0,92,c,TRUE,M4090
93,V0410,$1.00 ,,1,0,93,c,TRUE,V0410
94,M0410,$1.00 ,,1,0,94,c,TRUE,M0410
95,V0411,$1.00 ,,1,0,95,c,TRUE,V0411
96,M0411,$1.00 ,,1,0,96,c,TRUE,M0411
97,V0412,$1.00 ,,1,0,97,c,TRUE,V0412
98,M0412,$1.00 ,,1,0,98,c,TRUE,M0412
99,V0413,$1.00 ,,1,0,99,c,TRUE,V0413
100,M0413,$1.00 ,,1,0,100,c,TRUE,M0413
101,V0414,$1.00 ,,1,0,101,c,TRUE,V0414
102,M0414,$1.00 ,,1,0,102,c,TRUE,M0414
103,V0415,$1.00 ,,1,0,103,c,TRUE,V0415
104,M0415,$1.00 ,,1,0,104,c,TRUE,M0415
105,V0416,2,,2,0,106,i,FALSE,V0416
107,M0416,$1.00 ,,1,0,107,c,TRUE,M0416
108,V0417,$1.00 ,,1,0,108,c,TRUE,V0417
109,M0417,$1.00 ,,1,0,109,c,TRUE,M0417
110,V0418,$1.00 ,,1,0,110,c,TRUE,V0418
111,M0418,$1.00 ,,1,0,111,c,TRUE,M0418
112,V0419,$1.00 ,,1,0,112,c,TRUE,V0419
113,M0419,$1.00 ,,1,0,113,c,TRUE,M0419
114,V0420,$4.00 ,,4,0,117,i,FALSE,V0420
118,M0420,$1.00 ,,1,0,118,c,TRUE,M0420
119,V4210,$2.00 ,,2,0,120,c,TRUE,V4210
121,M4210,$1.00 ,,1,0,121,c,TRUE,M4210
122,V0422,2,,2,0,123,i,FALSE,V0422
124,M0422,$1.00 ,,1,0,124,c,TRUE,M0422
125,V4230,$2.00 ,,2,0,126,c,TRUE,V4230
127,M4230,$1.00 ,,1,0,127,c,TRUE,M4230
128,V0424,$1.00 ,,1,0,128,c,TRUE,V0424
129,M0424,$1.00 ,,1,0,129,c,TRUE,M0424
130,V4250,$7.00 ,,7,0,136,c,TRUE,V4250
137,M4250,$1.00 ,,1,0,137,c,TRUE,M4250
138,V4260,$2.00 ,,2,0,139,c,TRUE,V4260
140,M4260,$1.00 ,,1,0,140,c,TRUE,M4260
141,V4276,$7.00 ,,7,0,147,c,TRUE,V4276
148,M4276,$1.00 ,,1,0,148,c,TRUE,M4276
149,V0428,$1.00 ,,1,0,149,c,TRUE,V0428
150,M0428,$1.00 ,,1,0,150,c,TRUE,M0428
151,V0429,$1.00 ,,1,0,151,c,TRUE,V0429
152,M0429,$1.00 ,,1,0,152,c,TRUE,M0429
153,V0430,$2.00 ,,2,0,154,c,TRUE,V0430
155,M0430,$1.00 ,,1,0,155,c,TRUE,M0430
156,V0431,$1.00 ,,1,0,156,c,TRUE,V0431
157,M0431,$1.00 ,,1,0,157,c,TRUE,M0431
158,V0432,$1.00 ,,1,0,158,c,TRUE,V0432
159,M0432,$1.00 ,,1,0,159,c,TRUE,M0432
160,V0433,$2.00 ,,2,0,161,c,TRUE,V0433
162,M0433,$1.00 ,,1,0,162,c,TRUE,M0433
163,V0434,$1.00 ,,1,0,163,c,TRUE,V0434
164,M0434,$1.00 ,,1,0,164,c,TRUE,M0434
165,V4355,$2.00 ,,2,0,166,c,TRUE,V4355
167,M0435,$1.00 ,,1,0,167,c,TRUE,M0435
168,V4300,$2.00 ,,2,0,169,c,TRUE,V4300
170,V0436,$1.00 ,,1,0,170,c,TRUE,V0436
171,M0436,$1.00 ,,1,0,171,c,TRUE,M0436
172,V0437,$1.00 ,,1,0,172,c,TRUE,V0437
173,M0437,$1.00 ,,1,0,173,c,TRUE,M0437
174,V0438,$1.00 ,,1,0,174,c,TRUE,V0438
175,M0438,$1.00 ,,1,0,175,c,TRUE,M0438
176,V0439,$1.00 ,,1,0,176,c,TRUE,V0439
177,M0439,$1.00 ,,1,0,177,c,TRUE,M0439
178,V0440,$1.00 ,,1,0,178,c,TRUE,V0440
179,M0440,$1.00 ,,1,0,179,c,TRUE,M0440
180,V0441,$1.00 ,,1,0,180,c,TRUE,V0441
181,M0441,$1.00 ,,1,0,181,c,TRUE,M0441
182,V0442,$1.00 ,,1,0,182,c,TRUE,V0442
183,M0442,$1.00 ,,1,0,183,c,TRUE,M0442
184,V0443,$1.00 ,,1,0,184,c,TRUE,V0443
185,M0443,$1.00 ,,1,0,185,c,TRUE,M0443
186,V0444,$1.00 ,,1,0,186,c,TRUE,V0444
187,M0444,$1.00 ,,1,0,187,c,TRUE,M0444
188,V4452,$4.00 ,,4,0,191,c,TRUE,V4452
192,M4452,$1.00 ,,1,0,192,c,TRUE,M4452
193,V4462,$5.00 ,,5,0,197,c,TRUE,V4462
198,M4462,$1.00 ,,1,0,198,c,TRUE,M4462
199,V0447,$1.00 ,,1,0,199,c,TRUE,V0447
200,M0447,$1.00 ,,1,0,200,c,TRUE,M0447
201,V0448,$1.00 ,,1,0,201,c,TRUE,V0448
202,M0448,$1.00 ,,1,0,202,c,TRUE,M0448
203,V0449,$1.00 ,,1,0,203,c,TRUE,V0449
204,M0449,$1.00 ,,1,0,204,c,TRUE,M0449
205,V0450,$1.00 ,,1,0,205,c,TRUE,V0450
206,M0450,$1.00 ,,1,0,206,c,TRUE,M0450
207,V4511,$1.00 ,,1,0,207,c,TRUE,V4511
208,M4511,$1.00 ,,1,0,208,c,TRUE,M4511
209,V4512,6,,6,0,214,i,FALSE,V4512
215,M4512,$1.00 ,,1,0,215,c,TRUE,M4512
216,V4513,6,,6,0,221,i,FALSE,V4513
222,V4514,6.2,,6,2,227,d,FALSE,V4514
228,V4521,$1.00 ,,1,0,228,c,TRUE,V4521
229,M4521,$1.00 ,,1,0,229,c,TRUE,M4521
230,V4522,6,,6,0,235,i,FALSE,V4522
236,M4522,$1.00 ,,1,0,236,c,TRUE,M4522
237,V4523,6,,6,0,242,i,FALSE,V4523
243,V4524,6.2,,6,2,248,d,FALSE,V4524
249,V4525,6,,6,0,254,i,FALSE,V4525
255,V4526,6.2,,6,2,260,d,FALSE,V4526
261,V0453,2,,2,0,262,i,FALSE,V0453
263,M4523,$1.00 ,,1,0,263,c,TRUE,M4523
264,V0454,2,,2,0,265,i,FALSE,V0454
266,M0454,$1.00 ,,1,0,266,c,TRUE,M0454
267,V4534,3,,3,0,269,i,FALSE,V4534
270,V0455,$1.00 ,,1,0,270,c,TRUE,V0455
271,M0455,$1.00 ,,1,0,271,c,TRUE,M0455
272,V0456,$1.00 ,,1,0,272,c,TRUE,V0456
273,M0456,$1.00 ,,1,0,273,c,TRUE,M0456
274,V4573,6,,6,0,279,i,FALSE,V4573
280,M4573,$1.00 ,,1,0,280,c,TRUE,M4573
281,V4583,6,,6,0,286,i,FALSE,V4583
287,M4583,$1.00 ,,1,0,287,c,TRUE,M4583
288,V4593,6,,6,0,293,i,FALSE,V4593
294,M4593,$1.00 ,,1,0,294,c,TRUE,M4593
295,V4603,6,,6,0,300,i,FALSE,V4603
301,M4603,$1.00 ,,1,0,301,c,TRUE,M4603
302,V4613,6,,6,0,307,i,FALSE,V4613
308,M4613,$1.00 ,,1,0,308,c,TRUE,M4613
309,V4614,6,,6,0,314,i,FALSE,V4614
315,V4615,6.2,,6,2,320,d,FALSE,V4615
321,V4620,2,,2,0,322,i,FALSE,V4620
323,M4620,$1.00 ,,1,0,323,c,TRUE,M4620
324,V0463,2,,2,0,325,i,FALSE,V0463
326,V4654,2,,2,0,327,i,FALSE,V4654
328,M4654,$1.00 ,,1,0,328,c,TRUE,M4654
329,V4670,2,,2,0,330,i,FALSE,V4670
331,M4670,$1.00 ,,1,0,331,c,TRUE,M4670
332,V4690,2,,2,0,333,i,FALSE,V4690
334,M0463,$1.00 ,,1,0,334,c,TRUE,M0463
335,P001,11.8,,11,8,345,d,FALSE,P001
346,ESTR,$2.00 ,,2,0,347,c,TRUE,ESTR
348,ESTRP,$2.00 ,,2,0,349,c,TRUE,ESTRP
350,V4621,2,,2,0,351,i,FALSE,V4621
352,M4621,$1.00 ,,1,0,352,c,TRUE,M4621
353,V4622,2,,2,0,354,i,FALSE,V4622
355,M4622,$1.00 ,,1,0,355,c,TRUE,M4622
356,V4631,2,,2,0,357,i,FALSE,V4631
358,M4631,$1.00 ,,1,0,358,c,TRUE,M4631
359,V4632,2,,2,0,360,i,FALSE,V4632
361,M4632,$1.00 ,,1,0,361,c,TRUE,M4632
362,V0464,$1.00 ,,1,0,362,c,TRUE,V0464
363,M0464,$1.00 ,,1,0,363,c,TRUE,M0464
364,V4671,2,,2,0,365,i,FALSE,V4671
366,M4671,$1.00 ,,1,0,366,c,TRUE,M4671
367,V4672,2,,2,0,368,i,FALSE,V4672
369,M4672,$1.00 ,,1,0,369,c,TRUE,M4672
370,V4354,$3.00 ,,3,0,372,c,TRUE,V4354
373,V4219,$3.00 ,,3,0,375,c,TRUE,V4219
376,V4239,$3.00 ,,3,0,378,c,TRUE,V4239
379,V4269,$3.00 ,,3,0,381,c,TRUE,V4269
382,V4279,$3.00 ,,3,0,384,c,TRUE,V4279
385,V4451,$3.00 ,,3,0,387,c,TRUE,V4451
388,V4461,$3.00 ,,3,0,390,c,TRUE,V4461
